Matrix ID: 10009822
2 0 0 4
0 0 0 0
0 0 0 0
4 0 0 6

Matrix ID: 10064637
2 0 0 10
0 0 0 0
0 0 0 0
10 0 0 34

Matrix ID: 1008054
5 0 0 6
0 0 0 0
0 0 0 0
6 0 0 7

Matrix ID: 10141309
4 0 0 3
0 0 0 0
0 0 0 0
3 0 0 4

Matrix ID: 10159086
3 0 0 14
0 0 0 0
0 0 0 0
14 0 0 9

Matrix ID: 10214015
1 0 0 2
0 0 0 0
0 0 0 0
2 0 0 2

Matrix ID: 10283013
0 0 0 3
0 0 0 0
0 0 0 0
3 0 0 10

Matrix ID: 10300335
2 0 0 3
0 0 0 0
0 0 0 0
3 0 0 10

Matrix ID: 10380171
3 0 0 3
0 0 0 0
0 0 0 0
3 0 0 1

Matrix ID: 1039139
14 0 0 24
0 0 0 0
0 0 0 0
24 0 0 38

Matrix ID: 104419
15 0 0 9
0 0 0 0
0 0 0 0
9 0 0 17

Matrix ID: 10468852
0 0 0 2
0 0 0 0
0 0 0 0
2 0 0 4

Matrix ID: 10482642
0 0 0 12
0 0 0 0
0 0 0 0
12 0 0 27

Matrix ID: 10518523
1 0 0 2
0 0 0 0
0 0 0 0
2 0 0 2

Matrix ID: 10561266
1 0 0 3
0 0 0 0
0 0 0 0
3 0 0 2

Matrix ID: 10575982
6 0 0 5
0 0 0 0
0 0 0 0
5 0 0 17

Matrix ID: 10601384
11 0 0 13
0 0 0 0
0 0 0 0
13 0 0 22

Matrix ID: 10623144
5 0 0 9
0 0 0 0
0 0 0 0
9 0 0 12

Matrix ID: 10714736
5 0 0 1
0 0 0 0
0 0 0 0
1 0 0 1

Matrix ID: 10815232
4 0 0 10
0 0 0 0
0 0 0 0
10 0 0 6

Matrix ID: 1096749
21 0 0 17
0 0 0 0
0 0 0 0
17 0 0 21

Matrix ID: 11015265
1 0 0 4
0 0 0 0
0 0 0 0
4 0 0 11

Matrix ID: 11025014
7 0 0 5
0 0 0 0
0 0 0 0
5 0 0 10

Matrix ID: 11049733
6 0 0 3
0 0 0 0
0 0 0 0
3 0 0 4

Matrix ID: 11060794
2 0 0 7
0 0 0 0
0 0 0 0
7 0 0 11

Matrix ID: 11086348
0 0 0 0
0 0 0 0
0 0 0 0
0 0 0 5

Matrix ID: 11115382
5 0 0 10
0 0 0 0
0 0 0 0
10 0 0 11

Matrix ID: 11137135
0 0 0 1
0 0 0 0
0 0 0 0
1 0 0 2

Matrix ID: 11206376
9 0 0 12
0 0 0 0
0 0 0 0
12 0 0 17

Matrix ID: 11330168
2 0 0 3
0 0 0 0
0 0 0 0
3 0 0 7

Matrix ID: 11334534
14 0 0 8
0 0 0 0
0 0 0 0
8 0 0 5

Matrix ID: 1151212
11 0 0 19
0 0 0 0
0 0 0 0
19 0 0 31

Matrix ID: 11536083
28 0 0 35
0 0 0 0
0 0 0 0
35 0 0 56

Matrix ID: 11555547
1 0 0 5
0 0 0 0
0 0 0 0
5 0 0 9

Matrix ID: 1159204
1 0 0 10
0 0 0 0
0 0 0 0
10 0 0 16

Matrix ID: 11627169
0 0 0 1
0 0 0 0
0 0 0 0
1 0 0 9

Matrix ID: 11707881
3 0 0 3
0 0 0 0
0 0 0 0
3 0 0 9

Matrix ID: 1176225
0 0 0 2
0 0 0 0
0 0 0 0
2 0 0 3

Matrix ID: 11815344
5 0 0 2
0 0 0 0
0 0 0 0
2 0 0 1

Matrix ID: 11816680
1 0 0 2
0 0 0 0
0 0 0 0
2 0 0 6

Matrix ID: 11849327
3 0 0 4
0 0 0 0
0 0 0 0
4 0 0 0

Matrix ID: 11913329
1 0 0 2
0 0 0 0
0 0 0 0
2 0 0 12

Matrix ID: 1194021
6 0 0 5
0 0 0 0
0 0 0 0
5 0 0 7

Matrix ID: 11982108
1 0 0 1
0 0 0 0
0 0 0 0
1 0 0 2

Matrix ID: 1204410
1 0 0 5
0 0 0 0
0 0 0 0
5 0 0 11

Matrix ID: 12082643
0 0 0 0
0 0 0 0
0 0 0 0
0 0 0 3

Matrix ID: 12103569
2 0 0 3
0 0 0 0
0 0 0 0
3 0 0 8

Matrix ID: 12189404
6 0 0 15
0 0 0 0
0 0 0 0
15 0 0 24

Matrix ID: 12197462
0 0 0 4
0 0 0 0
0 0 0 0
4 0 0 5

Matrix ID: 1219908
14 0 0 15
0 0 0 0
0 0 0 0
15 0 0 38

Matrix ID: 12253608
2 0 0 3
0 0 0 0
0 0 0 0
3 0 0 5

Matrix ID: 12273769
5 0 0 3
0 0 0 0
0 0 0 0
3 0 0 9

Matrix ID: 12274770
6 0 0 9
0 0 0 0
0 0 0 0
9 0 0 16

Matrix ID: 12335368
3 0 0 5
0 0 0 0
0 0 0 0
5 0 0 3

Matrix ID: 12365047
0 0 0 2
0 0 0 0
0 0 0 0
2 0 0 2

Matrix ID: 1258040
8 0 0 5
0 0 0 0
0 0 0 0
5 0 0 4

Matrix ID: 12619051
0 0 0 0
0 0 0 0
0 0 0 0
0 0 0 3

Matrix ID: 12671486
0 0 0 5
0 0 0 0
0 0 0 0
5 0 0 2

Matrix ID: 1275344
0 0 0 4
0 0 0 0
0 0 0 0
4 0 0 11

Matrix ID: 12780699
2 0 0 4
0 0 0 0
0 0 0 0
4 0 0 2

Matrix ID: 1290196
18 0 0 33
0 0 0 0
0 0 0 0
33 0 0 70

Matrix ID: 12902339
1 0 0 2
0 0 0 0
0 0 0 0
2 0 0 4

Matrix ID: 12949635
0 0 0 1
0 0 0 0
0 0 0 0
1 0 0 5

Matrix ID: 12979159
3 0 0 8
0 0 0 0
0 0 0 0
8 0 0 9

Matrix ID: 13020305
2 0 0 8
0 0 0 0
0 0 0 0
8 0 0 8

Matrix ID: 13050083
5 0 0 12
0 0 0 0
0 0 0 0
12 0 0 5

Matrix ID: 13051445
5 0 0 11
0 0 0 0
0 0 0 0
11 0 0 6

Matrix ID: 13072436
12 0 0 16
0 0 0 0
0 0 0 0
16 0 0 26

Matrix ID: 13081598
8 0 0 13
0 0 0 0
0 0 0 0
13 0 0 23

Matrix ID: 1312271
2 0 0 3
0 0 0 0
0 0 0 0
3 0 0 7

Matrix ID: 13157238
3 0 0 4
0 0 0 0
0 0 0 0
4 0 0 14

Matrix ID: 13157643
3 0 0 6
0 0 0 0
0 0 0 0
6 0 0 6

Matrix ID: 13328101
6 0 0 14
0 0 0 0
0 0 0 0
14 0 0 17

Matrix ID: 13377886
2 0 0 6
0 0 0 0
0 0 0 0
6 0 0 15

Matrix ID: 13390589
0 0 0 1
0 0 0 0
0 0 0 0
1 0 0 4

Matrix ID: 1344639
16 0 0 11
0 0 0 0
0 0 0 0
11 0 0 25

Matrix ID: 1347670
3 0 0 6
0 0 0 0
0 0 0 0
6 0 0 11

Matrix ID: 1347977
12 0 0 6
0 0 0 0
0 0 0 0
6 0 0 6

Matrix ID: 13482728
7 0 0 9
0 0 0 0
0 0 0 0
9 0 0 16

Matrix ID: 13633075
3 0 0 3
0 0 0 0
0 0 0 0
3 0 0 10

Matrix ID: 1368008
0 0 0 4
0 0 0 0
0 0 0 0
4 0 0 12

Matrix ID: 13732761
7 0 0 7
0 0 0 0
0 0 0 0
7 0 0 5

Matrix ID: 13797052
3 0 0 5
0 0 0 0
0 0 0 0
5 0 0 10

Matrix ID: 13898306
29 0 0 34
0 0 0 0
0 0 0 0
34 0 0 42

Matrix ID: 13912611
7 0 0 14
0 0 0 0
0 0 0 0
14 0 0 23

Matrix ID: 1393289
11 0 0 30
0 0 0 0
0 0 0 0
30 0 0 29

Matrix ID: 1401436
3 0 0 7
0 0 0 0
0 0 0 0
7 0 0 12

Matrix ID: 14073239
0 0 0 2
0 0 0 0
0 0 0 0
2 0 0 1

Matrix ID: 14140
1 0 0 10
0 0 0 0
0 0 0 0
10 0 0 21

Matrix ID: 14226594
1 0 0 1
0 0 0 0
0 0 0 0
1 0 0 0

Matrix ID: 14312363
1 0 0 4
0 0 0 0
0 0 0 0
4 0 0 8

Matrix ID: 1433597
5 0 0 13
0 0 0 0
0 0 0 0
13 0 0 12

Matrix ID: 14423707
4 0 0 8
0 0 0 0
0 0 0 0
8 0 0 14

Matrix ID: 14434732
14 0 0 19
0 0 0 0
0 0 0 0
19 0 0 37

Matrix ID: 1447207
8 0 0 19
0 0 0 0
0 0 0 0
19 0 0 17

Matrix ID: 14503517
0 0 0 2
0 0 0 0
0 0 0 0
2 0 0 3

Matrix ID: 14561030
1 0 0 3
0 0 0 0
0 0 0 0
3 0 0 4

Matrix ID: 14632431
0 0 0 1
0 0 0 0
0 0 0 0
1 0 0 1

Matrix ID: 1471326
6 0 0 11
0 0 0 0
0 0 0 0
11 0 0 23

Matrix ID: 14718666
2 0 0 3
0 0 0 0
0 0 0 0
3 0 0 10

Matrix ID: 14803323
1 0 0 3
0 0 0 0
0 0 0 0
3 0 0 4

Matrix ID: 1481479
0 0 0 4
0 0 0 0
0 0 0 0
4 0 0 6

Matrix ID: 1482004
13 0 0 23
0 0 0 0
0 0 0 0
23 0 0 48

Matrix ID: 14849524
0 0 0 1
0 0 0 0
0 0 0 0
1 0 0 2

Matrix ID: 1492192
11 0 0 13
0 0 0 0
0 0 0 0
13 0 0 20

Matrix ID: 14976311
1 0 0 1
0 0 0 0
0 0 0 0
1 0 0 1

Matrix ID: 14980847
5 0 0 5
0 0 0 0
0 0 0 0
5 0 0 13

Matrix ID: 1504673
0 0 0 8
0 0 0 0
0 0 0 0
8 0 0 17

Matrix ID: 15109052
0 0 0 0
0 0 0 0
0 0 0 0
0 0 0 4

Matrix ID: 1519550
5 0 0 9
0 0 0 0
0 0 0 0
9 0 0 19

Matrix ID: 15247640
5 0 0 4
0 0 0 0
0 0 0 0
4 0 0 4

Matrix ID: 15279705
0 0 0 2
0 0 0 0
0 0 0 0
2 0 0 1

Matrix ID: 15279969
5 0 0 8
0 0 0 0
0 0 0 0
8 0 0 11

Matrix ID: 15288005
8 0 0 7
0 0 0 0
0 0 0 0
7 0 0 15

Matrix ID: 15362690
0 0 0 3
0 0 0 0
0 0 0 0
3 0 0 4

Matrix ID: 1540967
0 0 0 1
0 0 0 0
0 0 0 0
1 0 0 6

Matrix ID: 1542953
12 0 0 12
0 0 0 0
0 0 0 0
12 0 0 32

Matrix ID: 15436228
3 0 0 3
0 0 0 0
0 0 0 0
3 0 0 5

Matrix ID: 15464088
1 0 0 1
0 0 0 0
0 0 0 0
1 0 0 3

Matrix ID: 15678367
2 0 0 3
0 0 0 0
0 0 0 0
3 0 0 2

Matrix ID: 15682211
0 0 0 0
0 0 0 0
0 0 0 0
0 0 0 4

Matrix ID: 1568301
4 0 0 7
0 0 0 0
0 0 0 0
7 0 0 10

Matrix ID: 15738310
0 0 0 0
0 0 0 0
0 0 0 0
0 0 0 4

Matrix ID: 1585035
7 0 0 11
0 0 0 0
0 0 0 0
11 0 0 12

Matrix ID: 15888218
2 0 0 4
0 0 0 0
0 0 0 0
4 0 0 3

Matrix ID: 15983480
2 0 0 6
0 0 0 0
0 0 0 0
6 0 0 10

Matrix ID: 1606927
8 0 0 10
0 0 0 0
0 0 0 0
10 0 0 10

Matrix ID: 16246343
2 0 0 1
0 0 0 0
0 0 0 0
1 0 0 2

Matrix ID: 16407082
2 0 0 5
0 0 0 0
0 0 0 0
5 0 0 16

Matrix ID: 16416458
1 0 0 1
0 0 0 0
0 0 0 0
1 0 0 4

Matrix ID: 16568201
9 0 0 4
0 0 0 0
0 0 0 0
4 0 0 11

Matrix ID: 16674175
4 0 0 6
0 0 0 0
0 0 0 0
6 0 0 15

Matrix ID: 16680360
2 0 0 3
0 0 0 0
0 0 0 0
3 0 0 9

Matrix ID: 166861
7 0 0 12
0 0 0 0
0 0 0 0
12 0 0 22

Matrix ID: 1671170
0 0 0 4
0 0 0 0
0 0 0 0
4 0 0 9

Matrix ID: 1674446
11 0 0 19
0 0 0 0
0 0 0 0
19 0 0 40

Matrix ID: 16749737
1 0 0 4
0 0 0 0
0 0 0 0
4 0 0 5

Matrix ID: 16772502
0 0 0 2
0 0 0 0
0 0 0 0
2 0 0 4

Matrix ID: 1686955
34 0 0 44
0 0 0 0
0 0 0 0
44 0 0 59

Matrix ID: 16912062
0 0 0 2
0 0 0 0
0 0 0 0
2 0 0 1

Matrix ID: 16968438
14 0 0 18
0 0 0 0
0 0 0 0
18 0 0 25

Matrix ID: 17023695
0 0 0 2
0 0 0 0
0 0 0 0
2 0 0 13

Matrix ID: 1707123
5 0 0 7
0 0 0 0
0 0 0 0
7 0 0 16

Matrix ID: 17093158
12 0 0 13
0 0 0 0
0 0 0 0
13 0 0 13

Matrix ID: 17097690
3 0 0 5
0 0 0 0
0 0 0 0
5 0 0 4

Matrix ID: 17101188
1 0 0 3
0 0 0 0
0 0 0 0
3 0 0 7

Matrix ID: 17175570
9 0 0 11
0 0 0 0
0 0 0 0
11 0 0 11

Matrix ID: 17217407
6 0 0 8
0 0 0 0
0 0 0 0
8 0 0 8

Matrix ID: 17327362
6 0 0 8
0 0 0 0
0 0 0 0
8 0 0 10

Matrix ID: 17408949
6 0 0 7
0 0 0 0
0 0 0 0
7 0 0 9

Matrix ID: 17422864
8 0 0 7
0 0 0 0
0 0 0 0
7 0 0 7

Matrix ID: 1748742
13 0 0 14
0 0 0 0
0 0 0 0
14 0 0 16

Matrix ID: 17570192
0 0 0 2
0 0 0 0
0 0 0 0
2 0 0 1

Matrix ID: 1760671
4 0 0 7
0 0 0 0
0 0 0 0
7 0 0 15

Matrix ID: 17626924
5 0 0 5
0 0 0 0
0 0 0 0
5 0 0 12

Matrix ID: 17676108
3 0 0 3
0 0 0 0
0 0 0 0
3 0 0 9

Matrix ID: 1768151
11 0 0 26
0 0 0 0
0 0 0 0
26 0 0 57

Matrix ID: 17766533
0 0 0 1
0 0 0 0
0 0 0 0
1 0 0 3

Matrix ID: 1777627
3 0 0 6
0 0 0 0
0 0 0 0
6 0 0 13

Matrix ID: 1792234
26 0 0 47
0 0 0 0
0 0 0 0
47 0 0 98

Matrix ID: 18019796
3 0 0 6
0 0 0 0
0 0 0 0
6 0 0 4

Matrix ID: 18067553
0 0 0 4
0 0 0 0
0 0 0 0
4 0 0 6

Matrix ID: 1811325
2 0 0 4
0 0 0 0
0 0 0 0
4 0 0 13

Matrix ID: 1821084
0 0 0 1
0 0 0 0
0 0 0 0
1 0 0 2

Matrix ID: 18267567
4 0 0 3
0 0 0 0
0 0 0 0
3 0 0 9

Matrix ID: 18364243
2 0 0 10
0 0 0 0
0 0 0 0
10 0 0 24

Matrix ID: 1840807
5 0 0 7
0 0 0 0
0 0 0 0
7 0 0 10

Matrix ID: 185752
2 0 0 12
0 0 0 0
0 0 0 0
12 0 0 11

Matrix ID: 1864373
3 0 0 4
0 0 0 0
0 0 0 0
4 0 0 3

Matrix ID: 18702805
0 0 0 4
0 0 0 0
0 0 0 0
4 0 0 8

Matrix ID: 1870844
21 0 0 25
0 0 0 0
0 0 0 0
25 0 0 40

Matrix ID: 18763684
3 0 0 6
0 0 0 0
0 0 0 0
6 0 0 7

Matrix ID: 18765562
4 0 0 7
0 0 0 0
0 0 0 0
7 0 0 6

Matrix ID: 18779846
2 0 0 2
0 0 0 0
0 0 0 0
2 0 0 0

Matrix ID: 1886580
6 0 0 7
0 0 0 0
0 0 0 0
7 0 0 7

Matrix ID: 18911157
0 0 0 7
0 0 0 0
0 0 0 0
7 0 0 1

Matrix ID: 18979382
0 0 0 0
0 0 0 0
0 0 0 0
0 0 0 5

Matrix ID: 1906480
11 0 0 20
0 0 0 0
0 0 0 0
20 0 0 27

Matrix ID: 1908311
1 0 0 5
0 0 0 0
0 0 0 0
5 0 0 9

Matrix ID: 1913595
2 0 0 3
0 0 0 0
0 0 0 0
3 0 0 5

Matrix ID: 19156537
3 0 0 2
0 0 0 0
0 0 0 0
2 0 0 17

Matrix ID: 19187209
5 0 0 15
0 0 0 0
0 0 0 0
15 0 0 18

Matrix ID: 19271808
5 0 0 7
0 0 0 0
0 0 0 0
7 0 0 12

Matrix ID: 1929958
2 0 0 8
0 0 0 0
0 0 0 0
8 0 0 21

Matrix ID: 1930244
1 0 0 9
0 0 0 0
0 0 0 0
9 0 0 12

Matrix ID: 1931582
14 0 0 18
0 0 0 0
0 0 0 0
18 0 0 42

Matrix ID: 19375131
6 0 0 6
0 0 0 0
0 0 0 0
6 0 0 9

Matrix ID: 19422846
11 0 0 11
0 0 0 0
0 0 0 0
11 0 0 14

Matrix ID: 1951227
14 0 0 20
0 0 0 0
0 0 0 0
20 0 0 26

Matrix ID: 19559495
2 0 0 7
0 0 0 0
0 0 0 0
7 0 0 14

Matrix ID: 1958235
6 0 0 24
0 0 0 0
0 0 0 0
24 0 0 24

Matrix ID: 19658461
5 0 0 14
0 0 0 0
0 0 0 0
14 0 0 23

Matrix ID: 1967801
2 0 0 12
0 0 0 0
0 0 0 0
12 0 0 7

Matrix ID: 19730659
2 0 0 5
0 0 0 0
0 0 0 0
5 0 0 14

Matrix ID: 19765559
1 0 0 4
0 0 0 0
0 0 0 0
4 0 0 4

Matrix ID: 1991711
0 0 0 1
0 0 0 0
0 0 0 0
1 0 0 3

Matrix ID: 199881
12 0 0 18
0 0 0 0
0 0 0 0
18 0 0 20

Matrix ID: 19989537
1 0 0 5
0 0 0 0
0 0 0 0
5 0 0 8

Matrix ID: 19999048
8 0 0 10
0 0 0 0
0 0 0 0
10 0 0 11

Matrix ID: 20023255
2 0 0 2
0 0 0 0
0 0 0 0
2 0 0 2

Matrix ID: 20154985
2 0 0 11
0 0 0 0
0 0 0 0
11 0 0 21

Matrix ID: 20279920
0 0 0 0
0 0 0 0
0 0 0 0
0 0 0 4

Matrix ID: 20285261
0 0 0 2
0 0 0 0
0 0 0 0
2 0 0 9

Matrix ID: 20291200
9 0 0 14
0 0 0 0
0 0 0 0
14 0 0 16

Matrix ID: 2031300
3 0 0 9
0 0 0 0
0 0 0 0
9 0 0 16

Matrix ID: 2064427
1 0 0 6
0 0 0 0
0 0 0 0
6 0 0 5

Matrix ID: 2068447
2 0 0 6
0 0 0 0
0 0 0 0
6 0 0 11

Matrix ID: 2069013
6 0 0 8
0 0 0 0
0 0 0 0
8 0 0 16

Matrix ID: 2074453
4 0 0 7
0 0 0 0
0 0 0 0
7 0 0 9

Matrix ID: 20778725
31 0 0 40
0 0 0 0
0 0 0 0
40 0 0 60

Matrix ID: 20802629
3 0 0 5
0 0 0 0
0 0 0 0
5 0 0 6

Matrix ID: 2087174
1 0 0 6
0 0 0 0
0 0 0 0
6 0 0 8

Matrix ID: 2087610
2 0 0 3
0 0 0 0
0 0 0 0
3 0 0 4

Matrix ID: 20882911
7 0 0 7
0 0 0 0
0 0 0 0
7 0 0 3

Matrix ID: 20961635
8 0 0 17
0 0 0 0
0 0 0 0
17 0 0 16

Matrix ID: 2103972
5 0 0 5
0 0 0 0
0 0 0 0
5 0 0 3

Matrix ID: 211726
5 0 0 9
0 0 0 0
0 0 0 0
9 0 0 17

Matrix ID: 21213010
6 0 0 6
0 0 0 0
0 0 0 0
6 0 0 3

Matrix ID: 2122700
5 0 0 8
0 0 0 0
0 0 0 0
8 0 0 10

Matrix ID: 21303771
3 0 0 12
0 0 0 0
0 0 0 0
12 0 0 15

Matrix ID: 21314541
20 0 0 22
0 0 0 0
0 0 0 0
22 0 0 25

Matrix ID: 21329156
0 0 0 0
0 0 0 0
0 0 0 0
0 0 0 4

Matrix ID: 2135783
9 0 0 11
0 0 0 0
0 0 0 0
11 0 0 6

Matrix ID: 213683
21 0 0 13
0 0 0 0
0 0 0 0
13 0 0 14

Matrix ID: 21411273
0 0 0 2
0 0 0 0
0 0 0 0
2 0 0 4

Matrix ID: 21554034
2 0 0 3
0 0 0 0
0 0 0 0
3 0 0 3

Matrix ID: 2159055
16 0 0 24
0 0 0 0
0 0 0 0
24 0 0 46

Matrix ID: 2166605
2 0 0 1
0 0 0 0
0 0 0 0
1 0 0 0

Matrix ID: 2182597
1 0 0 3
0 0 0 0
0 0 0 0
3 0 0 2

Matrix ID: 21839567
21 0 0 15
0 0 0 0
0 0 0 0
15 0 0 22

Matrix ID: 21846796
0 0 0 1
0 0 0 0
0 0 0 0
1 0 0 2

Matrix ID: 21934639
1 0 0 1
0 0 0 0
0 0 0 0
1 0 0 1

Matrix ID: 21939784
4 0 0 4
0 0 0 0
0 0 0 0
4 0 0 1

Matrix ID: 22100960
1 0 0 2
0 0 0 0
0 0 0 0
2 0 0 1

Matrix ID: 2210612
2 0 0 6
0 0 0 0
0 0 0 0
6 0 0 5

Matrix ID: 22122831
14 0 0 18
0 0 0 0
0 0 0 0
18 0 0 22

Matrix ID: 22146528
4 0 0 2
0 0 0 0
0 0 0 0
2 0 0 5

Matrix ID: 22156491
4 0 0 6
0 0 0 0
0 0 0 0
6 0 0 9

Matrix ID: 22185990
2 0 0 1
0 0 0 0
0 0 0 0
1 0 0 6

Matrix ID: 22246651
0 0 0 3
0 0 0 0
0 0 0 0
3 0 0 3

Matrix ID: 22290084
7 0 0 8
0 0 0 0
0 0 0 0
8 0 0 11

Matrix ID: 22350194
11 0 0 9
0 0 0 0
0 0 0 0
9 0 0 9

Matrix ID: 2243771
2 0 0 4
0 0 0 0
0 0 0 0
4 0 0 9

Matrix ID: 2245416
6 0 0 5
0 0 0 0
0 0 0 0
5 0 0 15

Matrix ID: 22491846
9 0 0 13
0 0 0 0
0 0 0 0
13 0 0 22

Matrix ID: 22566349
14 0 0 19
0 0 0 0
0 0 0 0
19 0 0 24

Matrix ID: 22573193
2 0 0 16
0 0 0 0
0 0 0 0
16 0 0 32

Matrix ID: 22612488
2 0 0 4
0 0 0 0
0 0 0 0
4 0 0 3

Matrix ID: 22613540
19 0 0 45
0 0 0 0
0 0 0 0
45 0 0 83

Matrix ID: 2269430
5 0 0 11
0 0 0 0
0 0 0 0
11 0 0 31

Matrix ID: 22752037
0 0 0 1
0 0 0 0
0 0 0 0
1 0 0 5

Matrix ID: 22856196
4 0 0 7
0 0 0 0
0 0 0 0
7 0 0 5

Matrix ID: 2287430
2 0 0 4
0 0 0 0
0 0 0 0
4 0 0 9

Matrix ID: 2288468
0 0 0 1
0 0 0 0
0 0 0 0
1 0 0 5

Matrix ID: 2301368
9 0 0 22
0 0 0 0
0 0 0 0
22 0 0 53

Matrix ID: 23040957
0 0 0 3
0 0 0 0
0 0 0 0
3 0 0 5

Matrix ID: 23284951
2 0 0 2
0 0 0 0
0 0 0 0
2 0 0 4

Matrix ID: 233118
10 0 0 16
0 0 0 0
0 0 0 0
16 0 0 32

Matrix ID: 23387276
1 0 0 3
0 0 0 0
0 0 0 0
3 0 0 13

Matrix ID: 2348245
1 0 0 5
0 0 0 0
0 0 0 0
5 0 0 14

Matrix ID: 23529101
0 0 0 2
0 0 0 0
0 0 0 0
2 0 0 4

Matrix ID: 2359849
5 0 0 6
0 0 0 0
0 0 0 0
6 0 0 16

Matrix ID: 23604709
3 0 0 6
0 0 0 0
0 0 0 0
6 0 0 4

Matrix ID: 23613450
0 0 0 1
0 0 0 0
0 0 0 0
1 0 0 3

Matrix ID: 23675893
2 0 0 1
0 0 0 0
0 0 0 0
1 0 0 2

Matrix ID: 23738341
0 0 0 1
0 0 0 0
0 0 0 0
1 0 0 2

Matrix ID: 23769716
8 0 0 5
0 0 0 0
0 0 0 0
5 0 0 9

Matrix ID: 2388722
5 0 0 9
0 0 0 0
0 0 0 0
9 0 0 30

Matrix ID: 2399590
0 0 0 1
0 0 0 0
0 0 0 0
1 0 0 3

Matrix ID: 24082872
0 0 0 0
0 0 0 0
0 0 0 0
0 0 0 7

Matrix ID: 2415131
12 0 0 11
0 0 0 0
0 0 0 0
11 0 0 20

Matrix ID: 24262703
8 0 0 21
0 0 0 0
0 0 0 0
21 0 0 27

Matrix ID: 2426656
5 0 0 17
0 0 0 0
0 0 0 0
17 0 0 30

Matrix ID: 2430668
5 0 0 9
0 0 0 0
0 0 0 0
9 0 0 26

Matrix ID: 2430769
2 0 0 8
0 0 0 0
0 0 0 0
8 0 0 3

Matrix ID: 2434183
6 0 0 7
0 0 0 0
0 0 0 0
7 0 0 12

Matrix ID: 24353945
6 0 0 8
0 0 0 0
0 0 0 0
8 0 0 8

Matrix ID: 24387634
5 0 0 5
0 0 0 0
0 0 0 0
5 0 0 19

Matrix ID: 24460349
2 0 0 8
0 0 0 0
0 0 0 0
8 0 0 12

Matrix ID: 2448326
5 0 0 10
0 0 0 0
0 0 0 0
10 0 0 13

Matrix ID: 24540859
7 0 0 4
0 0 0 0
0 0 0 0
4 0 0 6

Matrix ID: 24795807
2 0 0 7
0 0 0 0
0 0 0 0
7 0 0 11

Matrix ID: 24803370
1 0 0 1
0 0 0 0
0 0 0 0
1 0 0 1

Matrix ID: 2480424
2 0 0 1
0 0 0 0
0 0 0 0
1 0 0 1

Matrix ID: 2484331
2 0 0 11
0 0 0 0
0 0 0 0
11 0 0 14

Matrix ID: 2485056
5 0 0 9
0 0 0 0
0 0 0 0
9 0 0 14

Matrix ID: 2485219
4 0 0 6
0 0 0 0
0 0 0 0
6 0 0 5

Matrix ID: 24969332
0 0 0 3
0 0 0 0
0 0 0 0
3 0 0 7

Matrix ID: 24987172
0 0 0 2
0 0 0 0
0 0 0 0
2 0 0 3

Matrix ID: 250318
4 0 0 14
0 0 0 0
0 0 0 0
14 0 0 17

Matrix ID: 25093181
25 0 0 30
0 0 0 0
0 0 0 0
30 0 0 39

Matrix ID: 2519318
3 0 0 8
0 0 0 0
0 0 0 0
8 0 0 21

Matrix ID: 25232131
0 0 0 3
0 0 0 0
0 0 0 0
3 0 0 2

Matrix ID: 2524819
0 0 0 1
0 0 0 0
0 0 0 0
1 0 0 2

Matrix ID: 25358426
8 0 0 11
0 0 0 0
0 0 0 0
11 0 0 14

Matrix ID: 2548255
12 0 0 14
0 0 0 0
0 0 0 0
14 0 0 24

Matrix ID: 25516312
5 0 0 7
0 0 0 0
0 0 0 0
7 0 0 9

Matrix ID: 25956450
7 0 0 11
0 0 0 0
0 0 0 0
11 0 0 11

Matrix ID: 26008252
0 0 0 1
0 0 0 0
0 0 0 0
1 0 0 1

Matrix ID: 2609871
2 0 0 1
0 0 0 0
0 0 0 0
1 0 0 6

Matrix ID: 26184849
2 0 0 2
0 0 0 0
0 0 0 0
2 0 0 6

Matrix ID: 26217507
0 0 0 1
0 0 0 0
0 0 0 0
1 0 0 3

Matrix ID: 2636224
0 0 0 2
0 0 0 0
0 0 0 0
2 0 0 3

Matrix ID: 2641076
6 0 0 13
0 0 0 0
0 0 0 0
13 0 0 23

Matrix ID: 2657584
5 0 0 7
0 0 0 0
0 0 0 0
7 0 0 20

Matrix ID: 2657961
5 0 0 10
0 0 0 0
0 0 0 0
10 0 0 4

Matrix ID: 2658200
3 0 0 1
0 0 0 0
0 0 0 0
1 0 0 0

Matrix ID: 26607665
6 0 0 6
0 0 0 0
0 0 0 0
6 0 0 8

Matrix ID: 2666024
9 0 0 6
0 0 0 0
0 0 0 0
6 0 0 8

Matrix ID: 26793021
6 0 0 4
0 0 0 0
0 0 0 0
4 0 0 22

Matrix ID: 26998074
8 0 0 9
0 0 0 0
0 0 0 0
9 0 0 6

Matrix ID: 270520
1 0 0 4
0 0 0 0
0 0 0 0
4 0 0 4

Matrix ID: 2720047
3 0 0 3
0 0 0 0
0 0 0 0
3 0 0 7

Matrix ID: 27235767
2 0 0 3
0 0 0 0
0 0 0 0
3 0 0 2

Matrix ID: 27308790
6 0 0 3
0 0 0 0
0 0 0 0
3 0 0 9

Matrix ID: 27344438
29 0 0 37
0 0 0 0
0 0 0 0
37 0 0 47

Matrix ID: 2735281
3 0 0 4
0 0 0 0
0 0 0 0
4 0 0 8

Matrix ID: 27414070
3 0 0 2
0 0 0 0
0 0 0 0
2 0 0 2

Matrix ID: 2748174
5 0 0 10
0 0 0 0
0 0 0 0
10 0 0 23

Matrix ID: 2752226
0 0 0 0
0 0 0 0
0 0 0 0
0 0 0 7

Matrix ID: 2755649
11 0 0 7
0 0 0 0
0 0 0 0
7 0 0 7

Matrix ID: 2760780
0 0 0 2
0 0 0 0
0 0 0 0
2 0 0 9

Matrix ID: 27702295
3 0 0 7
0 0 0 0
0 0 0 0
7 0 0 3

Matrix ID: 27752566
1 0 0 1
0 0 0 0
0 0 0 0
1 0 0 0

Matrix ID: 27775852
0 0 0 2
0 0 0 0
0 0 0 0
2 0 0 7

Matrix ID: 280188
1 0 0 1
0 0 0 0
0 0 0 0
1 0 0 3

Matrix ID: 28024893
1 0 0 3
0 0 0 0
0 0 0 0
3 0 0 2

Matrix ID: 28057716
0 0 0 0
0 0 0 0
0 0 0 0
0 0 0 3

Matrix ID: 2810089
6 0 0 8
0 0 0 0
0 0 0 0
8 0 0 21

Matrix ID: 28149098
14 0 0 18
0 0 0 0
0 0 0 0
18 0 0 30

Matrix ID: 28154663
1 0 0 5
0 0 0 0
0 0 0 0
5 0 0 5

Matrix ID: 28245680
5 0 0 4
0 0 0 0
0 0 0 0
4 0 0 11

Matrix ID: 28293311
2 0 0 2
0 0 0 0
0 0 0 0
2 0 0 7

Matrix ID: 28310829
25 0 0 23
0 0 0 0
0 0 0 0
23 0 0 27

Matrix ID: 283207
7 0 0 12
0 0 0 0
0 0 0 0
12 0 0 31

Matrix ID: 28336656
3 0 0 5
0 0 0 0
0 0 0 0
5 0 0 3

Matrix ID: 283579
5 0 0 4
0 0 0 0
0 0 0 0
4 0 0 9

Matrix ID: 2836788
4 0 0 5
0 0 0 0
0 0 0 0
5 0 0 11

Matrix ID: 28383875
1 0 0 1
0 0 0 0
0 0 0 0
1 0 0 3

Matrix ID: 28456058
5 0 0 5
0 0 0 0
0 0 0 0
5 0 0 5

Matrix ID: 2849146
10 0 0 14
0 0 0 0
0 0 0 0
14 0 0 10

Matrix ID: 28811332
2 0 0 3
0 0 0 0
0 0 0 0
3 0 0 9

Matrix ID: 28850087
8 0 0 22
0 0 0 0
0 0 0 0
22 0 0 41

Matrix ID: 2889290
5 0 0 5
0 0 0 0
0 0 0 0
5 0 0 5

Matrix ID: 28960146
2 0 0 3
0 0 0 0
0 0 0 0
3 0 0 6

Matrix ID: 2914303
2 0 0 5
0 0 0 0
0 0 0 0
5 0 0 8

Matrix ID: 29201458
0 0 0 0
0 0 0 0
0 0 0 0
0 0 0 3

Matrix ID: 29245786
3 0 0 2
0 0 0 0
0 0 0 0
2 0 0 1

Matrix ID: 2930374
0 0 0 5
0 0 0 0
0 0 0 0
5 0 0 17

Matrix ID: 2945440
5 0 0 4
0 0 0 0
0 0 0 0
4 0 0 6

Matrix ID: 2963824
7 0 0 8
0 0 0 0
0 0 0 0
8 0 0 9

Matrix ID: 29769400
4 0 0 3
0 0 0 0
0 0 0 0
3 0 0 6

Matrix ID: 2981701
5 0 0 15
0 0 0 0
0 0 0 0
15 0 0 19

Matrix ID: 2996299
14 0 0 12
0 0 0 0
0 0 0 0
12 0 0 21

Matrix ID: 30051064
0 0 0 2
0 0 0 0
0 0 0 0
2 0 0 4

Matrix ID: 30235187
1 0 0 9
0 0 0 0
0 0 0 0
9 0 0 12

Matrix ID: 3026685
4 0 0 3
0 0 0 0
0 0 0 0
3 0 0 10

Matrix ID: 3044931
4 0 0 7
0 0 0 0
0 0 0 0
7 0 0 13

Matrix ID: 30504299
21 0 0 36
0 0 0 0
0 0 0 0
36 0 0 67

Matrix ID: 30567939
2 0 0 2
0 0 0 0
0 0 0 0
2 0 0 1

Matrix ID: 30627497
6 0 0 9
0 0 0 0
0 0 0 0
9 0 0 12

Matrix ID: 30810604
4 0 0 9
0 0 0 0
0 0 0 0
9 0 0 22

Matrix ID: 3089501
6 0 0 7
0 0 0 0
0 0 0 0
7 0 0 7

Matrix ID: 3091728
7 0 0 10
0 0 0 0
0 0 0 0
10 0 0 30

Matrix ID: 3097389
0 0 0 2
0 0 0 0
0 0 0 0
2 0 0 13

Matrix ID: 31089663
3 0 0 4
0 0 0 0
0 0 0 0
4 0 0 8

Matrix ID: 31251027
0 0 0 1
0 0 0 0
0 0 0 0
1 0 0 1

Matrix ID: 3132293
8 0 0 6
0 0 0 0
0 0 0 0
6 0 0 6

Matrix ID: 31496534
8 0 0 8
0 0 0 0
0 0 0 0
8 0 0 8

Matrix ID: 31519510
1 0 0 3
0 0 0 0
0 0 0 0
3 0 0 3

Matrix ID: 3158419
16 0 0 18
0 0 0 0
0 0 0 0
18 0 0 25

Matrix ID: 31585795
1 0 0 2
0 0 0 0
0 0 0 0
2 0 0 9

Matrix ID: 3169925
15 0 0 23
0 0 0 0
0 0 0 0
23 0 0 19

Matrix ID: 31813638
5 0 0 4
0 0 0 0
0 0 0 0
4 0 0 7

Matrix ID: 3184344
13 0 0 14
0 0 0 0
0 0 0 0
14 0 0 14

Matrix ID: 31859553
8 0 0 11
0 0 0 0
0 0 0 0
11 0 0 9

Matrix ID: 31894163
12 0 0 20
0 0 0 0
0 0 0 0
20 0 0 30

Matrix ID: 3191719
15 0 0 13
0 0 0 0
0 0 0 0
13 0 0 45

Matrix ID: 31992621
2 0 0 4
0 0 0 0
0 0 0 0
4 0 0 4

Matrix ID: 32022316
1 0 0 7
0 0 0 0
0 0 0 0
7 0 0 7

Matrix ID: 32091397
5 0 0 8
0 0 0 0
0 0 0 0
8 0 0 18

Matrix ID: 3217953
2 0 0 1
0 0 0 0
0 0 0 0
1 0 0 8

Matrix ID: 32234882
1 0 0 2
0 0 0 0
0 0 0 0
2 0 0 5

Matrix ID: 3224875
0 0 0 5
0 0 0 0
0 0 0 0
5 0 0 4

Matrix ID: 3224893
1 0 0 2
0 0 0 0
0 0 0 0
2 0 0 0

Matrix ID: 32342767
6 0 0 4
0 0 0 0
0 0 0 0
4 0 0 4

Matrix ID: 3246747
7 0 0 19
0 0 0 0
0 0 0 0
19 0 0 19

Matrix ID: 32522800
0 0 0 1
0 0 0 0
0 0 0 0
1 0 0 1

Matrix ID: 32539619
0 0 0 0
0 0 0 0
0 0 0 0
0 0 0 5

Matrix ID: 32698547
2 0 0 5
0 0 0 0
0 0 0 0
5 0 0 8

Matrix ID: 32789176
8 0 0 11
0 0 0 0
0 0 0 0
11 0 0 19

Matrix ID: 3290102
9 0 0 18
0 0 0 0
0 0 0 0
18 0 0 52

Matrix ID: 3333700
9 0 0 11
0 0 0 0
0 0 0 0
11 0 0 12

Matrix ID: 3345775
6 0 0 9
0 0 0 0
0 0 0 0
9 0 0 21

Matrix ID: 3350308
7 0 0 5
0 0 0 0
0 0 0 0
5 0 0 5

Matrix ID: 3351811
2 0 0 4
0 0 0 0
0 0 0 0
4 0 0 9

Matrix ID: 3354387
8 0 0 10
0 0 0 0
0 0 0 0
10 0 0 18

Matrix ID: 3357961
11 0 0 19
0 0 0 0
0 0 0 0
19 0 0 30

Matrix ID: 3359279
1 0 0 1
0 0 0 0
0 0 0 0
1 0 0 8

Matrix ID: 3361585
0 0 0 7
0 0 0 0
0 0 0 0
7 0 0 8

Matrix ID: 33772164
4 0 0 5
0 0 0 0
0 0 0 0
5 0 0 5

Matrix ID: 3384428
12 0 0 12
0 0 0 0
0 0 0 0
12 0 0 13

Matrix ID: 33946518
1 0 0 1
0 0 0 0
0 0 0 0
1 0 0 3

Matrix ID: 340536
5 0 0 6
0 0 0 0
0 0 0 0
6 0 0 9

Matrix ID: 34172205
6 0 0 11
0 0 0 0
0 0 0 0
11 0 0 18

Matrix ID: 34172914
2 0 0 8
0 0 0 0
0 0 0 0
8 0 0 7

Matrix ID: 34332882
1 0 0 2
0 0 0 0
0 0 0 0
2 0 0 8

Matrix ID: 3438228
3 0 0 3
0 0 0 0
0 0 0 0
3 0 0 9

Matrix ID: 3440449
8 0 0 5
0 0 0 0
0 0 0 0
5 0 0 14

Matrix ID: 3440472
43 0 0 67
0 0 0 0
0 0 0 0
67 0 0 99

Matrix ID: 34506338
1 0 0 2
0 0 0 0
0 0 0 0
2 0 0 5

Matrix ID: 34596586
3 0 0 4
0 0 0 0
0 0 0 0
4 0 0 6

Matrix ID: 3477984
0 0 0 1
0 0 0 0
0 0 0 0
1 0 0 5

Matrix ID: 3480802
4 0 0 8
0 0 0 0
0 0 0 0
8 0 0 14

Matrix ID: 35032049
4 0 0 14
0 0 0 0
0 0 0 0
14 0 0 26

Matrix ID: 35125174
3 0 0 3
0 0 0 0
0 0 0 0
3 0 0 9

Matrix ID: 3537881
8 0 0 11
0 0 0 0
0 0 0 0
11 0 0 19

Matrix ID: 35734923
3 0 0 3
0 0 0 0
0 0 0 0
3 0 0 8

Matrix ID: 35758910
16 0 0 22
0 0 0 0
0 0 0 0
22 0 0 24

Matrix ID: 35784678
1 0 0 1
0 0 0 0
0 0 0 0
1 0 0 10

Matrix ID: 3590499
2 0 0 3
0 0 0 0
0 0 0 0
3 0 0 4

Matrix ID: 3611253
5 0 0 8
0 0 0 0
0 0 0 0
8 0 0 17

Matrix ID: 3614193
10 0 0 17
0 0 0 0
0 0 0 0
17 0 0 29

Matrix ID: 36204710
5 0 0 11
0 0 0 0
0 0 0 0
11 0 0 25

Matrix ID: 3621721
29 0 0 30
0 0 0 0
0 0 0 0
30 0 0 47

Matrix ID: 3621980
14 0 0 28
0 0 0 0
0 0 0 0
28 0 0 33

Matrix ID: 3623707
0 0 0 2
0 0 0 0
0 0 0 0
2 0 0 3

Matrix ID: 36385031
6 0 0 7
0 0 0 0
0 0 0 0
7 0 0 10

Matrix ID: 3656305
5 0 0 5
0 0 0 0
0 0 0 0
5 0 0 7

Matrix ID: 36713722
3 0 0 2
0 0 0 0
0 0 0 0
2 0 0 3

Matrix ID: 36740958
0 0 0 4
0 0 0 0
0 0 0 0
4 0 0 14

Matrix ID: 3677227
10 0 0 11
0 0 0 0
0 0 0 0
11 0 0 24

Matrix ID: 3683733
3 0 0 5
0 0 0 0
0 0 0 0
5 0 0 5

Matrix ID: 37022608
9 0 0 18
0 0 0 0
0 0 0 0
18 0 0 17

Matrix ID: 3704230
2 0 0 9
0 0 0 0
0 0 0 0
9 0 0 20

Matrix ID: 3709611
6 0 0 14
0 0 0 0
0 0 0 0
14 0 0 15

Matrix ID: 37153648
0 0 0 1
0 0 0 0
0 0 0 0
1 0 0 7

Matrix ID: 37159043
5 0 0 9
0 0 0 0
0 0 0 0
9 0 0 12

Matrix ID: 3719187
4 0 0 3
0 0 0 0
0 0 0 0
3 0 0 5

Matrix ID: 37243778
23 0 0 16
0 0 0 0
0 0 0 0
16 0 0 16

Matrix ID: 37309015
8 0 0 4
0 0 0 0
0 0 0 0
4 0 0 11

Matrix ID: 3731748
2 0 0 3
0 0 0 0
0 0 0 0
3 0 0 11

Matrix ID: 3741317
6 0 0 11
0 0 0 0
0 0 0 0
11 0 0 17

Matrix ID: 3759943
0 0 0 3
0 0 0 0
0 0 0 0
3 0 0 1

Matrix ID: 38029727
0 0 0 0
0 0 0 0
0 0 0 0
0 0 0 6

Matrix ID: 3807900
5 0 0 5
0 0 0 0
0 0 0 0
5 0 0 20

Matrix ID: 3816022
5 0 0 11
0 0 0 0
0 0 0 0
11 0 0 25

Matrix ID: 38164650
4 0 0 5
0 0 0 0
0 0 0 0
5 0 0 13

Matrix ID: 3822217
3 0 0 6
0 0 0 0
0 0 0 0
6 0 0 11

Matrix ID: 38250508
15 0 0 17
0 0 0 0
0 0 0 0
17 0 0 32

Matrix ID: 38350771
4 0 0 5
0 0 0 0
0 0 0 0
5 0 0 5

Matrix ID: 3839326
4 0 0 5
0 0 0 0
0 0 0 0
5 0 0 6

Matrix ID: 3846851
3 0 0 11
0 0 0 0
0 0 0 0
11 0 0 14

Matrix ID: 38505091
10 0 0 13
0 0 0 0
0 0 0 0
13 0 0 21

Matrix ID: 3853989
0 0 0 1
0 0 0 0
0 0 0 0
1 0 0 3

Matrix ID: 38610398
0 0 0 1
0 0 0 0
0 0 0 0
1 0 0 1

Matrix ID: 3873373
0 0 0 2
0 0 0 0
0 0 0 0
2 0 0 8

Matrix ID: 38752545
2 0 0 5
0 0 0 0
0 0 0 0
5 0 0 7

Matrix ID: 3888473
3 0 0 4
0 0 0 0
0 0 0 0
4 0 0 4

Matrix ID: 3888488
2 0 0 3
0 0 0 0
0 0 0 0
3 0 0 4

Matrix ID: 390421
0 0 0 1
0 0 0 0
0 0 0 0
1 0 0 7

Matrix ID: 39064309
15 0 0 21
0 0 0 0
0 0 0 0
21 0 0 27

Matrix ID: 39116365
5 0 0 11
0 0 0 0
0 0 0 0
11 0 0 20

Matrix ID: 39262419
0 0 0 0
0 0 0 0
0 0 0 0
0 0 0 4

Matrix ID: 3927536
1 0 0 3
0 0 0 0
0 0 0 0
3 0 0 12

Matrix ID: 393787
0 0 0 3
0 0 0 0
0 0 0 0
3 0 0 4

Matrix ID: 3961481
2 0 0 4
0 0 0 0
0 0 0 0
4 0 0 5

Matrix ID: 3973065
0 0 0 1
0 0 0 0
0 0 0 0
1 0 0 1

Matrix ID: 3977508
9 0 0 25
0 0 0 0
0 0 0 0
25 0 0 38

Matrix ID: 3978926
3 0 0 12
0 0 0 0
0 0 0 0
12 0 0 12

Matrix ID: 3979900
1 0 0 3
0 0 0 0
0 0 0 0
3 0 0 8

Matrix ID: 39846374
1 0 0 1
0 0 0 0
0 0 0 0
1 0 0 2

Matrix ID: 40018361
0 0 0 2
0 0 0 0
0 0 0 0
2 0 0 5

Matrix ID: 40018370
0 0 0 2
0 0 0 0
0 0 0 0
2 0 0 0

Matrix ID: 40124546
6 0 0 15
0 0 0 0
0 0 0 0
15 0 0 26

Matrix ID: 4013392
4 0 0 5
0 0 0 0
0 0 0 0
5 0 0 21

Matrix ID: 40201716
0 0 0 4
0 0 0 0
0 0 0 0
4 0 0 8

Matrix ID: 40261024
2 0 0 3
0 0 0 0
0 0 0 0
3 0 0 6

Matrix ID: 40269636
2 0 0 8
0 0 0 0
0 0 0 0
8 0 0 9

Matrix ID: 4032861
5 0 0 4
0 0 0 0
0 0 0 0
4 0 0 3

Matrix ID: 4034365
5 0 0 8
0 0 0 0
0 0 0 0
8 0 0 15

Matrix ID: 40359816
4 0 0 12
0 0 0 0
0 0 0 0
12 0 0 19

Matrix ID: 4041109
0 0 0 3
0 0 0 0
0 0 0 0
3 0 0 7

Matrix ID: 4051312
1 0 0 5
0 0 0 0
0 0 0 0
5 0 0 8

Matrix ID: 40531487
4 0 0 4
0 0 0 0
0 0 0 0
4 0 0 4

Matrix ID: 40700917
9 0 0 14
0 0 0 0
0 0 0 0
14 0 0 18

Matrix ID: 40825827
5 0 0 6
0 0 0 0
0 0 0 0
6 0 0 8

Matrix ID: 40934479
6 0 0 10
0 0 0 0
0 0 0 0
10 0 0 12

Matrix ID: 4097073
6 0 0 7
0 0 0 0
0 0 0 0
7 0 0 10

Matrix ID: 41111006
15 0 0 7
0 0 0 0
0 0 0 0
7 0 0 6

Matrix ID: 4120228
5 0 0 10
0 0 0 0
0 0 0 0
10 0 0 21

Matrix ID: 4126603
2 0 0 6
0 0 0 0
0 0 0 0
6 0 0 15

Matrix ID: 4130380
0 0 0 0
0 0 0 0
0 0 0 0
0 0 0 4

Matrix ID: 4138994
1 0 0 4
0 0 0 0
0 0 0 0
4 0 0 9

Matrix ID: 41493212
1 0 0 3
0 0 0 0
0 0 0 0
3 0 0 8

Matrix ID: 41500476
14 0 0 11
0 0 0 0
0 0 0 0
11 0 0 16

Matrix ID: 4151048
16 0 0 29
0 0 0 0
0 0 0 0
29 0 0 22

Matrix ID: 41519452
1 0 0 4
0 0 0 0
0 0 0 0
4 0 0 4

Matrix ID: 41521736
3 0 0 5
0 0 0 0
0 0 0 0
5 0 0 8

Matrix ID: 4152798
6 0 0 5
0 0 0 0
0 0 0 0
5 0 0 8

Matrix ID: 41541219
1 0 0 2
0 0 0 0
0 0 0 0
2 0 0 2

Matrix ID: 4160223
1 0 0 4
0 0 0 0
0 0 0 0
4 0 0 10

Matrix ID: 41678874
0 0 0 0
0 0 0 0
0 0 0 0
0 0 0 9

Matrix ID: 416834
5 0 0 9
0 0 0 0
0 0 0 0
9 0 0 12

Matrix ID: 4175837
1 0 0 2
0 0 0 0
0 0 0 0
2 0 0 5

Matrix ID: 4177081
3 0 0 8
0 0 0 0
0 0 0 0
8 0 0 14

Matrix ID: 41886876
10 0 0 8
0 0 0 0
0 0 0 0
8 0 0 10

Matrix ID: 42030266
0 0 0 2
0 0 0 0
0 0 0 0
2 0 0 7

Matrix ID: 4212839
11 0 0 14
0 0 0 0
0 0 0 0
14 0 0 26

Matrix ID: 42199620
2 0 0 1
0 0 0 0
0 0 0 0
1 0 0 8

Matrix ID: 4223764
2 0 0 7
0 0 0 0
0 0 0 0
7 0 0 10

Matrix ID: 42261951
8 0 0 9
0 0 0 0
0 0 0 0
9 0 0 9

Matrix ID: 4235327
0 0 0 2
0 0 0 0
0 0 0 0
2 0 0 7

Matrix ID: 4239026
16 0 0 24
0 0 0 0
0 0 0 0
24 0 0 54

Matrix ID: 42455560
1 0 0 4
0 0 0 0
0 0 0 0
4 0 0 5

Matrix ID: 4252705
5 0 0 6
0 0 0 0
0 0 0 0
6 0 0 9

Matrix ID: 4288302
1 0 0 4
0 0 0 0
0 0 0 0
4 0 0 26

Matrix ID: 4293391
0 0 0 5
0 0 0 0
0 0 0 0
5 0 0 7

Matrix ID: 4300039
6 0 0 8
0 0 0 0
0 0 0 0
8 0 0 6

Matrix ID: 43023386
0 0 0 2
0 0 0 0
0 0 0 0
2 0 0 3

Matrix ID: 43035640
4 0 0 2
0 0 0 0
0 0 0 0
2 0 0 3

Matrix ID: 431235
19 0 0 25
0 0 0 0
0 0 0 0
25 0 0 42

Matrix ID: 4317091
7 0 0 3
0 0 0 0
0 0 0 0
3 0 0 3

Matrix ID: 4339296
1 0 0 7
0 0 0 0
0 0 0 0
7 0 0 12

Matrix ID: 43413630
2 0 0 2
0 0 0 0
0 0 0 0
2 0 0 3

Matrix ID: 4349432
3 0 0 6
0 0 0 0
0 0 0 0
6 0 0 14

Matrix ID: 4350154
0 0 0 0
0 0 0 0
0 0 0 0
0 0 0 3

Matrix ID: 43510071
11 0 0 13
0 0 0 0
0 0 0 0
13 0 0 13

Matrix ID: 43545701
1 0 0 2
0 0 0 0
0 0 0 0
2 0 0 1

Matrix ID: 4372248
21 0 0 19
0 0 0 0
0 0 0 0
19 0 0 32

Matrix ID: 4373590
2 0 0 3
0 0 0 0
0 0 0 0
3 0 0 0

Matrix ID: 43856208
0 0 0 3
0 0 0 0
0 0 0 0
3 0 0 4

Matrix ID: 44002242
0 0 0 1
0 0 0 0
0 0 0 0
1 0 0 5

Matrix ID: 4420091
0 0 0 3
0 0 0 0
0 0 0 0
3 0 0 10

Matrix ID: 4441502
0 0 0 5
0 0 0 0
0 0 0 0
5 0 0 8

Matrix ID: 4445501
6 0 0 3
0 0 0 0
0 0 0 0
3 0 0 6

Matrix ID: 4472600
8 0 0 13
0 0 0 0
0 0 0 0
13 0 0 21

Matrix ID: 44881181
1 0 0 2
0 0 0 0
0 0 0 0
2 0 0 3

Matrix ID: 4491483
1 0 0 3
0 0 0 0
0 0 0 0
3 0 0 9

Matrix ID: 4493265
5 0 0 8
0 0 0 0
0 0 0 0
8 0 0 3

Matrix ID: 4493830
7 0 0 6
0 0 0 0
0 0 0 0
6 0 0 6

Matrix ID: 45041553
8 0 0 18
0 0 0 0
0 0 0 0
18 0 0 25

Matrix ID: 4506539
1 0 0 4
0 0 0 0
0 0 0 0
4 0 0 21

Matrix ID: 4511320
6 0 0 12
0 0 0 0
0 0 0 0
12 0 0 12

Matrix ID: 4522755
5 0 0 10
0 0 0 0
0 0 0 0
10 0 0 32

Matrix ID: 45237546
4 0 0 3
0 0 0 0
0 0 0 0
3 0 0 10

Matrix ID: 4537895
7 0 0 11
0 0 0 0
0 0 0 0
11 0 0 20

Matrix ID: 4543745
9 0 0 5
0 0 0 0
0 0 0 0
5 0 0 12

Matrix ID: 45662484
4 0 0 10
0 0 0 0
0 0 0 0
10 0 0 14

Matrix ID: 4585218
1 0 0 2
0 0 0 0
0 0 0 0
2 0 0 4

Matrix ID: 4589242
0 0 0 2
0 0 0 0
0 0 0 0
2 0 0 15

Matrix ID: 46181478
2 0 0 4
0 0 0 0
0 0 0 0
4 0 0 3

Matrix ID: 4639226
1 0 0 3
0 0 0 0
0 0 0 0
3 0 0 5

Matrix ID: 4645792
10 0 0 14
0 0 0 0
0 0 0 0
14 0 0 15

Matrix ID: 46468
6 0 0 8
0 0 0 0
0 0 0 0
8 0 0 16

Matrix ID: 46477651
0 0 0 2
0 0 0 0
0 0 0 0
2 0 0 3

Matrix ID: 4651535
5 0 0 6
0 0 0 0
0 0 0 0
6 0 0 7

Matrix ID: 46591412
1 0 0 3
0 0 0 0
0 0 0 0
3 0 0 4

Matrix ID: 4661374
4 0 0 5
0 0 0 0
0 0 0 0
5 0 0 11

Matrix ID: 4664422
9 0 0 23
0 0 0 0
0 0 0 0
23 0 0 39

Matrix ID: 4666905
2 0 0 5
0 0 0 0
0 0 0 0
5 0 0 9

Matrix ID: 4678226
13 0 0 23
0 0 0 0
0 0 0 0
23 0 0 28

Matrix ID: 4690304
0 0 0 1
0 0 0 0
0 0 0 0
1 0 0 6

Matrix ID: 46969302
2 0 0 5
0 0 0 0
0 0 0 0
5 0 0 4

Matrix ID: 4702092
2 0 0 4
0 0 0 0
0 0 0 0
4 0 0 15

Matrix ID: 47125268
5 0 0 6
0 0 0 0
0 0 0 0
6 0 0 17

Matrix ID: 47186645
4 0 0 7
0 0 0 0
0 0 0 0
7 0 0 18

Matrix ID: 4719799
8 0 0 10
0 0 0 0
0 0 0 0
10 0 0 8

Matrix ID: 4723162
6 0 0 7
0 0 0 0
0 0 0 0
7 0 0 11

Matrix ID: 4739893
0 0 0 2
0 0 0 0
0 0 0 0
2 0 0 3

Matrix ID: 4756586
1 0 0 4
0 0 0 0
0 0 0 0
4 0 0 6

Matrix ID: 47596108
0 0 0 0
0 0 0 0
0 0 0 0
0 0 0 12

Matrix ID: 476337
0 0 0 0
0 0 0 0
0 0 0 0
0 0 0 7

Matrix ID: 4786072
0 0 0 1
0 0 0 0
0 0 0 0
1 0 0 2

Matrix ID: 47865833
0 0 0 3
0 0 0 0
0 0 0 0
3 0 0 3

Matrix ID: 48055265
0 0 0 2
0 0 0 0
0 0 0 0
2 0 0 5

Matrix ID: 48206772
1 0 0 3
0 0 0 0
0 0 0 0
3 0 0 3

Matrix ID: 48491998
4 0 0 4
0 0 0 0
0 0 0 0
4 0 0 5

Matrix ID: 48606472
0 0 0 5
0 0 0 0
0 0 0 0
5 0 0 12

Matrix ID: 4918681
4 0 0 3
0 0 0 0
0 0 0 0
3 0 0 16

Matrix ID: 498588
1 0 0 4
0 0 0 0
0 0 0 0
4 0 0 21

Matrix ID: 5004951
0 0 0 3
0 0 0 0
0 0 0 0
3 0 0 9

Matrix ID: 5062177
1 0 0 1
0 0 0 0
0 0 0 0
1 0 0 10

Matrix ID: 5078814
2 0 0 2
0 0 0 0
0 0 0 0
2 0 0 10

Matrix ID: 508282
3 0 0 4
0 0 0 0
0 0 0 0
4 0 0 10

Matrix ID: 5139259
1 0 0 2
0 0 0 0
0 0 0 0
2 0 0 5

Matrix ID: 5166682
4 0 0 7
0 0 0 0
0 0 0 0
7 0 0 10

Matrix ID: 5209177
5 0 0 5
0 0 0 0
0 0 0 0
5 0 0 4

Matrix ID: 5225166
6 0 0 10
0 0 0 0
0 0 0 0
10 0 0 8

Matrix ID: 5226464
5 0 0 5
0 0 0 0
0 0 0 0
5 0 0 4

Matrix ID: 5230535
7 0 0 12
0 0 0 0
0 0 0 0
12 0 0 26

Matrix ID: 5242469
10 0 0 10
0 0 0 0
0 0 0 0
10 0 0 11

Matrix ID: 5249134
15 0 0 16
0 0 0 0
0 0 0 0
16 0 0 23

Matrix ID: 5265631
4 0 0 7
0 0 0 0
0 0 0 0
7 0 0 6

Matrix ID: 529809
19 0 0 26
0 0 0 0
0 0 0 0
26 0 0 41

Matrix ID: 5346670
6 0 0 4
0 0 0 0
0 0 0 0
4 0 0 9

Matrix ID: 5415493
4 0 0 3
0 0 0 0
0 0 0 0
3 0 0 1

Matrix ID: 5429488
2 0 0 3
0 0 0 0
0 0 0 0
3 0 0 10

Matrix ID: 5451270
1 0 0 3
0 0 0 0
0 0 0 0
3 0 0 7

Matrix ID: 5485686
8 0 0 14
0 0 0 0
0 0 0 0
14 0 0 15

Matrix ID: 5509588
2 0 0 4
0 0 0 0
0 0 0 0
4 0 0 8

Matrix ID: 552089
5 0 0 7
0 0 0 0
0 0 0 0
7 0 0 30

Matrix ID: 5553992
2 0 0 2
0 0 0 0
0 0 0 0
2 0 0 1

Matrix ID: 5610194
8 0 0 14
0 0 0 0
0 0 0 0
14 0 0 15

Matrix ID: 5615185
27 0 0 44
0 0 0 0
0 0 0 0
44 0 0 59

Matrix ID: 561569
3 0 0 4
0 0 0 0
0 0 0 0
4 0 0 4

Matrix ID: 5631644
1 0 0 4
0 0 0 0
0 0 0 0
4 0 0 12

Matrix ID: 5638899
3 0 0 7
0 0 0 0
0 0 0 0
7 0 0 11

Matrix ID: 5642802
10 0 0 6
0 0 0 0
0 0 0 0
6 0 0 8

Matrix ID: 5647886
24 0 0 36
0 0 0 0
0 0 0 0
36 0 0 64

Matrix ID: 5660075
6 0 0 12
0 0 0 0
0 0 0 0
12 0 0 18

Matrix ID: 5663152
0 0 0 3
0 0 0 0
0 0 0 0
3 0 0 2

Matrix ID: 5663564
6 0 0 5
0 0 0 0
0 0 0 0
5 0 0 14

Matrix ID: 5664627
1 0 0 4
0 0 0 0
0 0 0 0
4 0 0 6

Matrix ID: 5673325
1 0 0 6
0 0 0 0
0 0 0 0
6 0 0 8

Matrix ID: 5734530
8 0 0 8
0 0 0 0
0 0 0 0
8 0 0 10

Matrix ID: 5773545
7 0 0 7
0 0 0 0
0 0 0 0
7 0 0 10

Matrix ID: 5777582
5 0 0 16
0 0 0 0
0 0 0 0
16 0 0 25

Matrix ID: 5807637
9 0 0 12
0 0 0 0
0 0 0 0
12 0 0 22

Matrix ID: 5837636
1 0 0 2
0 0 0 0
0 0 0 0
2 0 0 0

Matrix ID: 5850923
3 0 0 4
0 0 0 0
0 0 0 0
4 0 0 6

Matrix ID: 5851064
5 0 0 4
0 0 0 0
0 0 0 0
4 0 0 6

Matrix ID: 5853654
5 0 0 8
0 0 0 0
0 0 0 0
8 0 0 19

Matrix ID: 5865001
6 0 0 3
0 0 0 0
0 0 0 0
3 0 0 4

Matrix ID: 5902936
2 0 0 3
0 0 0 0
0 0 0 0
3 0 0 2

Matrix ID: 5935622
0 0 0 2
0 0 0 0
0 0 0 0
2 0 0 2

Matrix ID: 5976098
3 0 0 4
0 0 0 0
0 0 0 0
4 0 0 8

Matrix ID: 5985275
21 0 0 29
0 0 0 0
0 0 0 0
29 0 0 37

Matrix ID: 5998565
29 0 0 29
0 0 0 0
0 0 0 0
29 0 0 32

Matrix ID: 5999829
0 0 0 8
0 0 0 0
0 0 0 0
8 0 0 18

Matrix ID: 6006301
7 0 0 4
0 0 0 0
0 0 0 0
4 0 0 7

Matrix ID: 602679
3 0 0 7
0 0 0 0
0 0 0 0
7 0 0 7

Matrix ID: 6041834
5 0 0 13
0 0 0 0
0 0 0 0
13 0 0 28

Matrix ID: 6085039
11 0 0 12
0 0 0 0
0 0 0 0
12 0 0 14

Matrix ID: 6097145
1 0 0 7
0 0 0 0
0 0 0 0
7 0 0 7

Matrix ID: 6110247
4 0 0 14
0 0 0 0
0 0 0 0
14 0 0 27

Matrix ID: 6132221
5 0 0 4
0 0 0 0
0 0 0 0
4 0 0 8

Matrix ID: 6133445
1 0 0 12
0 0 0 0
0 0 0 0
12 0 0 30

Matrix ID: 6148590
4 0 0 4
0 0 0 0
0 0 0 0
4 0 0 3

Matrix ID: 6177171
7 0 0 10
0 0 0 0
0 0 0 0
10 0 0 10

Matrix ID: 6223301
5 0 0 11
0 0 0 0
0 0 0 0
11 0 0 15

Matrix ID: 6283780
8 0 0 7
0 0 0 0
0 0 0 0
7 0 0 7

Matrix ID: 628756
12 0 0 18
0 0 0 0
0 0 0 0
18 0 0 30

Matrix ID: 6293783
4 0 0 8
0 0 0 0
0 0 0 0
8 0 0 15

Matrix ID: 6298096
6 0 0 11
0 0 0 0
0 0 0 0
11 0 0 27

Matrix ID: 6298347
1 0 0 5
0 0 0 0
0 0 0 0
5 0 0 14

Matrix ID: 6318482
4 0 0 6
0 0 0 0
0 0 0 0
6 0 0 15

Matrix ID: 6337330
13 0 0 19
0 0 0 0
0 0 0 0
19 0 0 23

Matrix ID: 6341729
0 0 0 1
0 0 0 0
0 0 0 0
1 0 0 5

Matrix ID: 6349336
15 0 0 25
0 0 0 0
0 0 0 0
25 0 0 42

Matrix ID: 6350392
1 0 0 1
0 0 0 0
0 0 0 0
1 0 0 2

Matrix ID: 6351052
6 0 0 7
0 0 0 0
0 0 0 0
7 0 0 15

Matrix ID: 6367923
5 0 0 3
0 0 0 0
0 0 0 0
3 0 0 12

Matrix ID: 6370594
6 0 0 5
0 0 0 0
0 0 0 0
5 0 0 5

Matrix ID: 6376544
3 0 0 3
0 0 0 0
0 0 0 0
3 0 0 6

Matrix ID: 6381931
1 0 0 2
0 0 0 0
0 0 0 0
2 0 0 3

Matrix ID: 6384164
4 0 0 10
0 0 0 0
0 0 0 0
10 0 0 28

Matrix ID: 6385099
11 0 0 21
0 0 0 0
0 0 0 0
21 0 0 50

Matrix ID: 6388575
11 0 0 19
0 0 0 0
0 0 0 0
19 0 0 26

Matrix ID: 6397283
8 0 0 9
0 0 0 0
0 0 0 0
9 0 0 18

Matrix ID: 6400915
1 0 0 1
0 0 0 0
0 0 0 0
1 0 0 5

Matrix ID: 6401323
8 0 0 12
0 0 0 0
0 0 0 0
12 0 0 8

Matrix ID: 6420257
10 0 0 9
0 0 0 0
0 0 0 0
9 0 0 4

Matrix ID: 642248
17 0 0 17
0 0 0 0
0 0 0 0
17 0 0 25

Matrix ID: 6449579
2 0 0 4
0 0 0 0
0 0 0 0
4 0 0 8

Matrix ID: 6454814
16 0 0 15
0 0 0 0
0 0 0 0
15 0 0 24

Matrix ID: 6471573
1 0 0 5
0 0 0 0
0 0 0 0
5 0 0 17

Matrix ID: 6472105
0 0 0 1
0 0 0 0
0 0 0 0
1 0 0 3

Matrix ID: 647264
5 0 0 15
0 0 0 0
0 0 0 0
15 0 0 15

Matrix ID: 6490363
1 0 0 12
0 0 0 0
0 0 0 0
12 0 0 10

Matrix ID: 6510983
5 0 0 4
0 0 0 0
0 0 0 0
4 0 0 1

Matrix ID: 6526564
2 0 0 10
0 0 0 0
0 0 0 0
10 0 0 7

Matrix ID: 6549323
1 0 0 2
0 0 0 0
0 0 0 0
2 0 0 4

Matrix ID: 6559931
11 0 0 9
0 0 0 0
0 0 0 0
9 0 0 7

Matrix ID: 6562949
5 0 0 3
0 0 0 0
0 0 0 0
3 0 0 5

Matrix ID: 6595049
0 0 0 1
0 0 0 0
0 0 0 0
1 0 0 2

Matrix ID: 6600654
13 0 0 20
0 0 0 0
0 0 0 0
20 0 0 22

Matrix ID: 6637319
2 0 0 6
0 0 0 0
0 0 0 0
6 0 0 22

Matrix ID: 6655606
2 0 0 2
0 0 0 0
0 0 0 0
2 0 0 6

Matrix ID: 6657733
4 0 0 6
0 0 0 0
0 0 0 0
6 0 0 7

Matrix ID: 6666124
0 0 0 2
0 0 0 0
0 0 0 0
2 0 0 5

Matrix ID: 6671204
1 0 0 5
0 0 0 0
0 0 0 0
5 0 0 10

Matrix ID: 6692105
2 0 0 2
0 0 0 0
0 0 0 0
2 0 0 1

Matrix ID: 6778587
4 0 0 7
0 0 0 0
0 0 0 0
7 0 0 9

Matrix ID: 6808094
0 0 0 2
0 0 0 0
0 0 0 0
2 0 0 8

Matrix ID: 6817357
1 0 0 3
0 0 0 0
0 0 0 0
3 0 0 6

Matrix ID: 6875316
12 0 0 7
0 0 0 0
0 0 0 0
7 0 0 13

Matrix ID: 6929864
1 0 0 1
0 0 0 0
0 0 0 0
1 0 0 3

Matrix ID: 6934908
5 0 0 7
0 0 0 0
0 0 0 0
7 0 0 7

Matrix ID: 6979891
0 0 0 0
0 0 0 0
0 0 0 0
0 0 0 4

Matrix ID: 7004514
0 0 0 2
0 0 0 0
0 0 0 0
2 0 0 6

Matrix ID: 7018091
3 0 0 13
0 0 0 0
0 0 0 0
13 0 0 26

Matrix ID: 7031268
3 0 0 13
0 0 0 0
0 0 0 0
13 0 0 22

Matrix ID: 7049232
5 0 0 6
0 0 0 0
0 0 0 0
6 0 0 8

Matrix ID: 7066414
3 0 0 7
0 0 0 0
0 0 0 0
7 0 0 15

Matrix ID: 7108584
7 0 0 5
0 0 0 0
0 0 0 0
5 0 0 11

Matrix ID: 7166329
4 0 0 7
0 0 0 0
0 0 0 0
7 0 0 13

Matrix ID: 7225272
7 0 0 13
0 0 0 0
0 0 0 0
13 0 0 17

Matrix ID: 725109
3 0 0 5
0 0 0 0
0 0 0 0
5 0 0 10

Matrix ID: 728409
5 0 0 19
0 0 0 0
0 0 0 0
19 0 0 45

Matrix ID: 7305017
12 0 0 6
0 0 0 0
0 0 0 0
6 0 0 6

Matrix ID: 7331525
2 0 0 9
0 0 0 0
0 0 0 0
9 0 0 26

Matrix ID: 7343699
3 0 0 4
0 0 0 0
0 0 0 0
4 0 0 4

Matrix ID: 7400706
1 0 0 2
0 0 0 0
0 0 0 0
2 0 0 6

Matrix ID: 7412789
0 0 0 1
0 0 0 0
0 0 0 0
1 0 0 3

Matrix ID: 7501482
10 0 0 9
0 0 0 0
0 0 0 0
9 0 0 7

Matrix ID: 7506269
0 0 0 1
0 0 0 0
0 0 0 0
1 0 0 4

Matrix ID: 7518183
9 0 0 16
0 0 0 0
0 0 0 0
16 0 0 16

Matrix ID: 7542679
0 0 0 1
0 0 0 0
0 0 0 0
1 0 0 7

Matrix ID: 7555891
2 0 0 5
0 0 0 0
0 0 0 0
5 0 0 7

Matrix ID: 7573296
7 0 0 4
0 0 0 0
0 0 0 0
4 0 0 12

Matrix ID: 7614390
2 0 0 1
0 0 0 0
0 0 0 0
1 0 0 14

Matrix ID: 7619710
4 0 0 16
0 0 0 0
0 0 0 0
16 0 0 23

Matrix ID: 7667701
1 0 0 4
0 0 0 0
0 0 0 0
4 0 0 12

Matrix ID: 7669707
3 0 0 5
0 0 0 0
0 0 0 0
5 0 0 10

Matrix ID: 7671303
13 0 0 10
0 0 0 0
0 0 0 0
10 0 0 18

Matrix ID: 7681020
0 0 0 1
0 0 0 0
0 0 0 0
1 0 0 2

Matrix ID: 7684129
6 0 0 11
0 0 0 0
0 0 0 0
11 0 0 20

Matrix ID: 7728291
3 0 0 5
0 0 0 0
0 0 0 0
5 0 0 6

Matrix ID: 7758251
5 0 0 11
0 0 0 0
0 0 0 0
11 0 0 28

Matrix ID: 7788473
0 0 0 4
0 0 0 0
0 0 0 0
4 0 0 8

Matrix ID: 781566
13 0 0 16
0 0 0 0
0 0 0 0
16 0 0 8

Matrix ID: 7827206
0 0 0 2
0 0 0 0
0 0 0 0
2 0 0 2

Matrix ID: 7831245
5 0 0 8
0 0 0 0
0 0 0 0
8 0 0 15

Matrix ID: 7844272
1 0 0 2
0 0 0 0
0 0 0 0
2 0 0 5

Matrix ID: 7871206
6 0 0 5
0 0 0 0
0 0 0 0
5 0 0 9

Matrix ID: 792778
1 0 0 2
0 0 0 0
0 0 0 0
2 0 0 13

Matrix ID: 8057398
9 0 0 16
0 0 0 0
0 0 0 0
16 0 0 51

Matrix ID: 8071309
1 0 0 2
0 0 0 0
0 0 0 0
2 0 0 11

Matrix ID: 810392
3 0 0 5
0 0 0 0
0 0 0 0
5 0 0 8

Matrix ID: 8124791
0 0 0 4
0 0 0 0
0 0 0 0
4 0 0 5

Matrix ID: 8148448
11 0 0 9
0 0 0 0
0 0 0 0
9 0 0 47

Matrix ID: 8201820
0 0 0 2
0 0 0 0
0 0 0 0
2 0 0 5

Matrix ID: 8259000
2 0 0 5
0 0 0 0
0 0 0 0
5 0 0 11

Matrix ID: 8265615
12 0 0 17
0 0 0 0
0 0 0 0
17 0 0 27

Matrix ID: 8268047
5 0 0 9
0 0 0 0
0 0 0 0
9 0 0 15

Matrix ID: 833693
0 0 0 3
0 0 0 0
0 0 0 0
3 0 0 12

Matrix ID: 8360727
2 0 0 7
0 0 0 0
0 0 0 0
7 0 0 18

Matrix ID: 8375496
0 0 0 1
0 0 0 0
0 0 0 0
1 0 0 3

Matrix ID: 8401249
3 0 0 4
0 0 0 0
0 0 0 0
4 0 0 7

Matrix ID: 8432990
6 0 0 13
0 0 0 0
0 0 0 0
13 0 0 8

Matrix ID: 8445052
4 0 0 7
0 0 0 0
0 0 0 0
7 0 0 15

Matrix ID: 8450597
0 0 0 0
0 0 0 0
0 0 0 0
0 0 0 6

Matrix ID: 8505489
1 0 0 7
0 0 0 0
0 0 0 0
7 0 0 11

Matrix ID: 850886
10 0 0 15
0 0 0 0
0 0 0 0
15 0 0 23

Matrix ID: 8608941
1 0 0 4
0 0 0 0
0 0 0 0
4 0 0 9

Matrix ID: 8616412
1 0 0 1
0 0 0 0
0 0 0 0
1 0 0 3

Matrix ID: 8683149
0 0 0 0
0 0 0 0
0 0 0 0
0 0 0 4

Matrix ID: 8703569
3 0 0 5
0 0 0 0
0 0 0 0
5 0 0 4

Matrix ID: 8729393
1 0 0 3
0 0 0 0
0 0 0 0
3 0 0 3

Matrix ID: 8742297
11 0 0 13
0 0 0 0
0 0 0 0
13 0 0 21

Matrix ID: 8749847
1 0 0 6
0 0 0 0
0 0 0 0
6 0 0 5

Matrix ID: 878697
9 0 0 7
0 0 0 0
0 0 0 0
7 0 0 14

Matrix ID: 8793790
7 0 0 5
0 0 0 0
0 0 0 0
5 0 0 11

Matrix ID: 8807584
2 0 0 4
0 0 0 0
0 0 0 0
4 0 0 5

Matrix ID: 8819494
10 0 0 10
0 0 0 0
0 0 0 0
10 0 0 19

Matrix ID: 8837059
11 0 0 18
0 0 0 0
0 0 0 0
18 0 0 41

Matrix ID: 8843902
2 0 0 8
0 0 0 0
0 0 0 0
8 0 0 13

Matrix ID: 889585
2 0 0 6
0 0 0 0
0 0 0 0
6 0 0 6

Matrix ID: 8900986
2 0 0 4
0 0 0 0
0 0 0 0
4 0 0 5

Matrix ID: 8930761
7 0 0 9
0 0 0 0
0 0 0 0
9 0 0 11

Matrix ID: 896357
9 0 0 18
0 0 0 0
0 0 0 0
18 0 0 28

Matrix ID: 897180
7 0 0 10
0 0 0 0
0 0 0 0
10 0 0 11

Matrix ID: 898031
18 0 0 22
0 0 0 0
0 0 0 0
22 0 0 34

Matrix ID: 903777
12 0 0 16
0 0 0 0
0 0 0 0
16 0 0 27

Matrix ID: 9069826
0 0 0 1
0 0 0 0
0 0 0 0
1 0 0 1

Matrix ID: 9119377
0 0 0 1
0 0 0 0
0 0 0 0
1 0 0 2

Matrix ID: 9126889
2 0 0 2
0 0 0 0
0 0 0 0
2 0 0 8

Matrix ID: 9134785
3 0 0 4
0 0 0 0
0 0 0 0
4 0 0 4

Matrix ID: 917458
8 0 0 12
0 0 0 0
0 0 0 0
12 0 0 18

Matrix ID: 9177730
0 0 0 0
0 0 0 0
0 0 0 0
0 0 0 3

Matrix ID: 9187687
0 0 0 2
0 0 0 0
0 0 0 0
2 0 0 13

Matrix ID: 9230021
7 0 0 4
0 0 0 0
0 0 0 0
4 0 0 9

Matrix ID: 9243133
2 0 0 4
0 0 0 0
0 0 0 0
4 0 0 7

Matrix ID: 9263497
8 0 0 6
0 0 0 0
0 0 0 0
6 0 0 2

Matrix ID: 9287809
1 0 0 8
0 0 0 0
0 0 0 0
8 0 0 12

Matrix ID: 9329225
8 0 0 15
0 0 0 0
0 0 0 0
15 0 0 19

Matrix ID: 9345099
27 0 0 34
0 0 0 0
0 0 0 0
34 0 0 66

Matrix ID: 9357221
4 0 0 10
0 0 0 0
0 0 0 0
10 0 0 20

Matrix ID: 9386054
3 0 0 5
0 0 0 0
0 0 0 0
5 0 0 4

Matrix ID: 9476875
0 0 0 3
0 0 0 0
0 0 0 0
3 0 0 3

Matrix ID: 9553254
0 0 0 1
0 0 0 0
0 0 0 0
1 0 0 3

Matrix ID: 9613560
10 0 0 11
0 0 0 0
0 0 0 0
11 0 0 20

Matrix ID: 9636943
0 0 0 3
0 0 0 0
0 0 0 0
3 0 0 5

Matrix ID: 9645164
12 0 0 12
0 0 0 0
0 0 0 0
12 0 0 19

Matrix ID: 9669913
1 0 0 2
0 0 0 0
0 0 0 0
2 0 0 1

Matrix ID: 9693487
2 0 0 3
0 0 0 0
0 0 0 0
3 0 0 1

Matrix ID: 9706396
11 0 0 21
0 0 0 0
0 0 0 0
21 0 0 17

Matrix ID: 9715797
6 0 0 8
0 0 0 0
0 0 0 0
8 0 0 17

Matrix ID: 9731413
2 0 0 1
0 0 0 0
0 0 0 0
1 0 0 3

Matrix ID: 9734618
2 0 0 6
0 0 0 0
0 0 0 0
6 0 0 15

Matrix ID: 9819091
1 0 0 1
0 0 0 0
0 0 0 0
1 0 0 5

Matrix ID: 9819321
0 0 0 2
0 0 0 0
0 0 0 0
2 0 0 7

Matrix ID: 982523
5 0 0 3
0 0 0 0
0 0 0 0
3 0 0 11

Matrix ID: 9873541
28 0 0 39
0 0 0 0
0 0 0 0
39 0 0 73

Matrix ID: 989908
20 0 0 32
0 0 0 0
0 0 0 0
32 0 0 69

Matrix ID: 9942329
0 0 0 2
0 0 0 0
0 0 0 0
1 0 0 12

