Matrix ID: 1
35 2 0 0 
2 2 0 0 
0 0 0 0 
0 0 0 0 

Matrix ID: 2
32 2 0 0 
2 1 0 0 
0 0 0 0 
0 0 0 0 

Matrix ID: 3
128 7 0 0 
6 1 0 1 
0 0 0 0 
1 0 0 0 

Matrix ID: 4
20 0 2 0 
0 0 0 0 
2 0 0 0 
0 0 0 0 

Matrix ID: 5
60 9 0 0 
9 1 0 0 
0 0 0 0 
0 0 0 0 

Matrix ID: 6
26 1 0 0 
0 0 0 1 
0 0 0 0 
1 0 0 0 

Matrix ID: 7
79 5 0 1 
5 2 0 0 
0 0 0 0 
1 0 0 1 

Matrix ID: 8
54 3 0 0 
3 1 0 0 
0 0 0 0 
0 0 0 0 

Matrix ID: 9
29 1 0 0 
0 0 0 1 
0 0 0 0 
1 0 0 0 

Matrix ID: 10
43 3 0 0 
3 0 0 0 
0 0 0 0 
0 0 0 0 

Matrix ID: 11
24 2 0 0 
2 0 0 0 
0 0 0 0 
0 0 0 0 

Matrix ID: 12
30 2 0 0 
2 0 0 0 
0 0 0 0 
0 0 0 0 

Matrix ID: 13
16 1 0 0 
1 0 0 1 
0 0 0 0 
0 1 0 1 

Matrix ID: 14
15 1 0 0 
1 0 0 0 
0 0 0 0 
1 0 0 0 

Matrix ID: 15
46 3 0 0 
3 0 0 0 
0 0 0 0 
0 0 0 0 

Matrix ID: 16
0 0 0 0 
0 0 0 0 
0 0 0 0 
1 0 0 1 

Matrix ID: 17
45 1 0 0 
1 3 0 0 
0 0 0 0 
0 0 0 0 

Matrix ID: 18
30 2 0 0 
2 2 0 0 
0 0 0 0 
0 0 0 0 

Matrix ID: 19
60 2 0 1 
1 0 0 1 
0 0 0 0 
2 0 0 0 

Matrix ID: 20
29 0 2 0 
0 0 0 0 
2 0 0 0 
0 0 0 0 

Matrix ID: 21
35 0 1 1 
0 0 0 0 
1 0 0 0 
1 0 0 0 

Matrix ID: 22
52 3 1 0 
3 0 0 0 
1 0 0 0 
0 0 0 0 
